1 933 7 3
2 463 5 1 2 7 9
3 9 7 10 3 7 5
4 89 3 3 7 6 6
5 432 2 5 6
6 790 2 8 7 4 4 5
7 19 4 7 5 4
8 818 3 10 7 9 3 5
9 967 1 6 4 8 2 5
10 605 10 4
11 706 7 7
12 252 3 5 2 5 9
13 218 4 5
14 518 2 10
15 449 8 1 3 5
16 37 5 3 2
17 756 8 7 3
18 570 6 4 4 1
19 757 6 8 3 3
20 458 5 5 2 2 3
21 81 1 3 5
22 581 8 8 2 9 1 2
23 114 6 3 1 6 8
24 231 2 10 5 9 6
25 349 10 10 10 8 2 9
26 623 1 4 7 2
27 842 2 2 5 7
28 270 6 6 9 2 4 9
29 705 6 4 6
30 842 8 5 7
31 98 3 8 4 7
32 209 8 9 4 4
33 2 10 5 2 2 10 1
34 516 3 4 7 3
35 867 9 2 3 3 7 9
36 574 6 3 3
37 4 8 5 8 5 5
38 683 10 10 2 3 5 3
39 174 10 6 5 6 1
40 416 7 10 2 10
41 508 2 2 2
42 360 1 7 10 3 10
43 498 4 7 6 2
44 702 9 10 5
45 455 5 8 9
46 218 4 2 4 7
47 159 6 8 5 10
48 770 7 10 5 3 9
49 883 9 9
50 924 5 7 7 9 1
51 639 7 3 9 9 4 1
52 473 5 3 6 1 9
53 719 3 5 4
54 495 7 3 6
55 11 1 5 2 10 3 3
56 19 2 5 8
57 532 9 5 4
58 300 3 6
59 334 1 3
60 75 9 8 5 3
61 707 9 5
62 162 4 10 3 4
63 296 9 10 7 2 10 8
64 698 7 1
65 893 10 2 4 1 5
66 948 1 10
67 90 10 10
68 584 9 8 6 4 6
69 884 5 3 3
70 983 3 3
71 500 8 4 2 1 4
72 198 2 7 10 1 4 10
73 866 5 10 8 2 10
74 54 3 5 7
75 244 7 2 10
76 251 9 8 9 2
77 55 6 10
78 100 3 5 10 1 1 9
79 998 8 9
80 364 3 6 7
81 172 6 9 9 1
82 824 6 7 10 2
83 688 8 7 2 9 10 4
84 200 5 10
85 115 4 3 6 6 5 2
86 512 2 7
87 480 8 1 3 2 1
88 313 7 3
89 343 1 3 9 8 7
90 266 8 4 3
91 301 7 8 7 9 9 4
92 6 3 5 8
93 447 5 9 2 1 9
94 313 10 8 8 6
95 486 4 2
96 405 8 2
97 587 1 10 7 7 9 1
98 823 4 7 4
99 547 3 10 2
100 53 6 8 10 1
101 264 8 9 9 10 1
102 425 2 2 9
103 338 8 10 9 10 1
104 779 8 2 8 5 7 3
105 276 2 8 6 1
106 712 7 7
107 952 9 3 4 9
108 299 5 4 9 4 3 3
109 39 6 4 7 10 9 10
110 502 9 2 2
111 592 1 6 2 6 3 6
112 433 7 10
113 758 7 10 9 8
114 144 6 6
115 258 1 9 8 8 7
116 424 9 5 9 10 5
117 719 1 9
118 501 5 10 7 2 10
119 27 10 9 10
120 311 2 1 5 1 5
121 356 10 9 3 3 4
122 561 1 4 7 5 1
123 68 3 9 2
124 245 10 7
125 413 1 1 8 4 7
126 194 4 4 3
127 416 7 8 2 10
128 826 2 5 3
129 23 1 3 2 1
130 353 1 1 10 8 8 6
131 957 7 9 4
132 510 5 2 8 9
133 433 3 1 3 10 9
134 649 6 3 7 1 7 4
135 891 9 7 3 4 2 2
136 247 3 2 3 8
137 964 4 3 8 3 7
138 183 4 7 9 3 2 2
139 556 1 6 3 10 3
140 373 7 8 4 6
141 540 5 9 7 3 1 9
142 257 4 5
143 976 10 4 1 4 3 1
144 398 1 6 2 2
145 705 8 10 5
146 718 5 5
147 277 6 10 7
148 379 4 4 8
149 25 1 8 7
150 133 2 1 1 9
151 511 3 8 2 8 8 3
152 373 1 7 3
153 763 9 2 8 6 2
154 633 10 3 3 5
155 640 1 4
156 186 9 2 4 2 1 2
157 167 5 9 6
158 408 3 5
159 622 1 7
160 285 8 1
161 903 1 2 3
162 315 10 2
163 183 10 10
164 292 4 4 9 3 8
165 353 6 1 1 2
166 535 3 1 2
167 668 3 6
168 882 1 6 7 7 1 6
169 504 9 6
170 474 8 7 7 9 6
171 883 7 3 1
172 353 8 8
173 334 1 3 2
174 755 3 6 3 8 2 3
175 838 10 5 10 4 9
176 25 7 7 9 6 5
177 469 1 8 6 10
178 189 4 3 9 6
179 815 1 6 7 6 1 8
180 263 1 10 2 10 3
181 944 6 8 7 1
182 684 8 6 9
183 435 2 8 2 1
184 703 10 4
185 924 8 9 4
186 752 4 6 9 4
187 481 1 2 9 7
188 61 7 1 1 2 6
189 608 10 7 6 6
190 456 9 6 8 6
191 741 3 10 2
192 930 5 4 10
193 237 8 4
194 944 7 3 2 9 8
195 921 2 4 2 7 3
196 596 5 6 3
197 149 4 8 8 3 9 1
198 268 6 6 7 7 7 7
199 857 5 3 9 3 3
200 319 4 8 1 1 8
201 628 5 1 2 9
202 502 1 7 2
203 668 8 8
204 898 7 9 6 4 2 3
205 83 10 2 7 6 9
206 809 1 6
207 665 2 3 4 3
208 648 6 8
209 34 9 7 3 8 6
210 696 2 10
211 215 1 2 10 1 1
212 791 5 10 9 10
213 49 9 8 10
214 620 5 5 4 10 4 3
215 296 7 3 10 3
216 543 2 7 6 3
217 656 8 7
218 202 10 7
219 618 1 10
220 928 3 9
221 233 5 9 10
222 928 9 5 7 4 10
223 960 2 9 5 2 9
224 747 8 2
225 507 4 9 10 4 3 4
226 418 1 6 8 6 10 10
227 908 5 3 5
228 369 1 4 10
229 205 9 10 6 10 6
230 227 3 7 6 5
231 482 2 2 10 7 3 10
232 633 2 8
233 804 4 2 8 5 6
234 110 7 5 8 2
235 406 10 10 5 5 9 4
236 670 3 5
237 16 2 1 9 4
238 936 3 3 7 7
239 109 7 8 2 6 4
240 542 9 7 1
241 326 3 6 9 8 7 6
242 279 3 2 4 9
243 360 1 6 6 10
244 479 1 3 5
245 586 2 4 8
246 712 8 2
247 201 10 3 9 5
248 386 4 1 5 7 3 2
249 934 2 5 1 6
250 981 3 4 4 8 6
251 283 9 8 6 5 5 6
252 705 4 10 3
253 433 10 2 2 1 5 9
254 737 1 4
255 666 9 9 5 1 1
256 223 1 10 4 2
257 257 8 5 1 8 4
258 961 10 8 2 6 5 8
259 313 6 5 3 9 7 8
260 299 8 1 4 7
261 914 10 6 1 4 2
262 681 8 7 4 2 5
263 866 2 5 2 5 9
264 920 7 8 3 7
265 422 2 3 2 7 6 4
266 126 6 7 5 6
267 379 10 4 1 7 3 7
268 367 9 6 3 4 9 6
269 438 10 8
270 36 9 4 2
271 331 4 3
272 324 4 9 4
273 213 4 3 4 10 5 5
274 938 7 7
275 50 4 10 2 2 3 4
276 827 5 5 3 5
277 838 10 7 9
278 328 7 3 5 9
279 502 10 4
280 426 4 5
281 758 9 10 5
282 443 7 3
283 453 5 3
284 830 1 1
285 231 1 3 9 1 5 8
286 42 7 9 7 5 2 2
287 996 3 4
288 833 2 5 8 7 4 9
289 25 6 8 8 5 5
290 872 9 9
291 690 8 8
292 296 4 7 5 2
293 312 4 3
294 256 3 5 4 10 1
295 628 5 8 9 1 8
296 812 3 8 10 10
297 739 3 3
298 224 10 6 7
299 58 8 7 7 4 5
300 429 6 7 9 7 8
301 778 7 1
302 452 10 2
303 14 9 7 5 5 6 7
304 716 8 8 4
305 583 7 5 1
306 57 7 6 3 3 4
307 79 7 7 7 8
308 534 4 10 2 9
309 888 1 5 4 7 4
310 440 6 2 6 8
311 814 10 4 1 7 10 8
312 106 2 3 4
313 68 8 2
314 873 9 8 1 1
315 530 1 2 3 9 2
316 227 9 2 8
317 617 10 10 1
318 469 7 2 6 7 4 5
319 642 3 2 5 3
320 224 10 1 4 10
321 114 7 10 9
322 985 2 10 4 10 6
323 191 1 2 9 6 7
324 650 6 2 7
325 969 5 1 9
326 915 6 7 4 1
327 14 8 1 6 6 4
328 453 5 3
329 624 3 6 3
330 255 2 7 10 5
331 591 6 9 5 10 5 9
332 158 8 5 5 10 5
333 419 9 7 7
334 299 2 8 1 9
335 524 1 5 4 1 2
336 205 2 9 6 7 8 7
337 646 9 8 9 10 3
338 231 4 4 1
339 413 10 10 10 6
340 915 2 6 2 5 8 3
341 670 9 9 8 7
342 7 1 1 10 5 2
343 581 2 2 10 1 7 3
344 458 10 2 8 2
345 525 10 3 5 7 7 4
346 324 3 7 5 10 3
347 445 4 8 8 2 8
348 452 3 2 10 4 4 8
349 706 8 1 10
350 950 9 6 7
351 958 4 4 5
352 971 9 5 10 5 8
353 429 3 8 4
354 624 1 9 7 7
355 735 6 6 7
356 526 9 5 8 4
357 126 7 2 5 6
358 915 10 8
359 843 6 9 9 1 7
360 945 1 8 9 8
361 219 10 6 5 10
362 963 8 7 2
363 833 2 7 5 1 2
364 774 3 5
365 331 2 9
366 803 1 10 10 2
367 179 2 5 9 5
368 275 3 6 1 1 2 3
369 14 10 5 9
370 143 9 1 9
371 459 3 7 6 5
372 84 2 10 6 1
373 633 7 8
374 166 8 6 5
375 785 6 2 7 10 7 8
376 922 2 8 1 9 7
377 18 5 7 9 6
378 520 8 5 1 5 3 10
379 878 6 3 8 4 3 10
380 721 4 6 7 9 3 5
381 714 1 4
382 678 2 10 9 7 6
383 437 2 2 9 3 5
384 652 3 3 1 9
385 676 9 2 2 3 3 8
386 68 6 10
387 383 5 6 6 5
388 197 7 6 3 1 2 9
389 5 5 3 5 1
390 52 4 4 1 7 6
391 401 4 10 7 8
392 243 4 4
393 289 7 1 6 9
394 580 9 4 10 7 7
395 9 6 2
396 870 8 4 9 3 4
397 349 9 1 4 10
398 3 9 1 9 7 6 3
399 193 9 1 10 1
400 544 4 3
401 9 5 8 2 10 8
402 948 1 6 6 7 4 9
403 525 6 7
404 32 10 2 4 3 6 9
405 850 9 8 8 8
406 620 5 5 2 2 5
407 563 8 1 7
408 618 8 6 4
409 142 9 3 2 2 9
410 49 3 6 10 2 9
411 83 10 7 9 2 5 10
412 358 5 1 5
413 517 6 10 4 5 1 9
414 511 5 2 4 4 7 10
415 90 6 10 10 10 5
416 800 1 9 7 6 9
417 645 1 5 9
418 456 2 1 2 8 5 10
419 652 7 9 3
420 268 8 1 8 4
421 791 6 9 1 1 2
422 990 6 6 6 2
423 557 2 1
424 885 1 9 6 4
425 912 3 3 1 6 6 1
426 217 8 8 10 6 3
427 180 3 8 6 7 9
428 133 5 4 10
429 809 10 9 6 9
430 393 9 7
431 196 7 6 7
432 698 10 3 3
433 543 10 10 5
434 135 4 9 2 3 4
435 100 8 6 9
436 755 3 7 7 2
437 361 8 5
438 390 6 6
439 663 4 5 6 2 5 7
440 80 5 8 10 2
441 168 5 4 9 10 4 6
442 439 7 3 2 3 7 5
443 777 9 8 8 10 10 2
444 516 5 10
445 827 4 9 8 5 3
446 426 1 3 8 1
447 588 5 6 5 4
448 395 6 1
449 124 2 10 10 10
450 431 8 2 5 4
451 866 2 7 4 3
452 750 3 10 6 8 5 7
453 542 5 8
454 777 4 8 7
455 146 1 6 4 7 5
456 306 5 6 6 7
457 271 9 3 1 5
458 981 2 7 1 1 8 9
459 708 1 6 1 3 8 2
460 856 4 4 6 2 7
461 555 10 8
462 48 2 1 10
463 266 4 1 1 9
464 270 8 3 10 5 8
465 610 5 5 10 5 8
466 135 4 4 2
467 739 8 6
468 449 10 5 9 3 10 7
469 363 6 1 10 1 8
470 162 1 3
471 241 6 6
472 692 7 8
473 924 1 3 6 7 9
474 731 4 9
475 836 7 9 2 7 2
476 966 9 7 4
477 736 4 6 8 6 9 6
478 138 7 3 7 2 3
479 372 7 4 10 2 2 9
480 178 9 4 7 9 2
481 909 10 4 3 5
482 687 1 7 8 8 3 3
483 665 7 4 6 2
484 106 5 8 10 10
485 49 10 8 7 1 6
486 781 8 8
487 785 9 9 5 2 4
488 567 1 10
489 930 10 8
490 801 8 7 8
491 808 5 4 7 9
492 260 5 3 1 1
493 955 2 3 9 2 1 9
494 713 9 5 4 7
495 770 7 6 3
496 407 2 5 1 7 7 4
497 311 3 7 1 6 5 9
498 179 6 9 5 3
499 474 5 10 9 5 10 3
500 319 10 10 1 3
501 171 6 2
502 170 4 9 8 3 7
503 608 6 10
504 431 1 4 7 10 1 6
505 816 2 3 4
506 113 6 3 5 3
507 746 3 5
508 523 1 3 1
509 271 4 2 9 3
510 442 2 4 10 8
511 741 7 10 3 1 2 2
512 295 2 5 1
513 689 6 7 2 3 9
514 924 10 2 4 9 6 3
515 700 6 3 6
516 428 8 7 9 9 4
517 643 3 6 8 3 4 3
518 365 4 10 8 6 4 7
519 860 7 7 2 6 10 8
520 959 4 5 6 6 7 7
521 687 6 4 10 2 5
522 35 10 3 2
523 245 1 2 8 4 10 7
524 943 1 4 6
525 461 1 3 7 1 3 4
526 397 5 2
527 730 9 6
528 533 9 7 7 8 8
529 606 6 10
530 234 1 9 7
531 843 3 10 1
532 234 6 4 1
533 643 4 8 7 8 7 7
534 524 9 3 7
535 621 3 9 7 1 6 8
536 804 3 7 5 8 2 5
537 20 6 1 2 8 6 2
538 154 6 9 8 1 9
539 856 9 5 8
540 955 3 2 9
541 759 7 2
542 245 9 9 2
543 117 4 9 6
544 10 7 3
545 644 10 10 5 7
546 721 2 6
547 540 1 6 9
548 529 7 5 2 7 7 10
549 733 1 2 3
550 558 2 9 8 7
551 599 10 2 3
552 490 3 2
553 208 6 2 3 10
554 677 3 7
555 473 9 7
556 142 3 2 5 5 10
557 693 7 8
558 329 5 8 3 3
559 259 8 1 10 4
560 717 5 5 7 6 8
561 622 4 10 5
562 444 7 9 3 4
563 50 5 9 5
564 357 4 7 2 9 4 1
565 956 1 6
566 151 7 9 2 4 3
567 957 1 6 5 7 1
568 634 9 1 4 3 5 8
569 588 2 6 5 5
570 2 5 4 5 1 9 10
571 529 3 1 3 2
572 328 7 1 10 5 2
573 222 10 8 7 8
574 678 3 8 9
575 711 2 1 5 5
576 635 1 2 4
577 800 6 4 3
578 797 1 8 9 5 9 3
579 505 9 4 3 9
580 89 4 7 3 10
581 718 1 6
582 671 2 10 9 6 1
583 784 7 4 4 3 2 3
584 573 4 4
585 413 7 1 8 6
586 50 3 8 7 9
587 943 5 1
588 174 8 10 3 3
589 473 10 7 4
590 836 7 6 1
591 643 1 10 6 7 8 2
592 107 7 2 6 3 4
593 886 7 8 7 4
594 453 4 3 9 8 5 4
595 461 7 2 7 6 9
596 170 1 10 2
597 764 6 4 6 2
598 513 4 6 6 3 3
599 679 1 6
600 827 9 10 1 5 4
601 394 9 10 5 3
602 954 5 9 6 10 9 9
603 953 8 5 3 8
604 977 9 4 9 9 3
605 449 5 3 9
606 275 5 9 5
607 531 10 7 9 9
608 334 7 2
609 995 5 6 1
610 740 9 10 3
611 693 3 10 7
612 405 8 2 5 3
613 230 9 7
614 147 4 5 5 3 4 2
615 612 5 3 7 7 9
616 208 3 9 7
617 280 7 10 8 4
618 119 2 6 9 2
619 505 10 2 8 3
620 881 4 10 9 8 7
621 135 10 5 9 5 9 4
622 974 1 6 6 6 8
623 607 2 10 1 2 6 7
624 467 9 5 7 6 2 4
625 1 7 5 4 5
626 924 9 5
627 284 10 9 3 2 2 8
628 478 3 3 5 4 8 7
629 31 3 2 2 8 1
630 657 9 10 5
631 60 4 7 2
632 991 4 7 2 9
633 73 9 4 4 6
634 797 5 10 6 10 9 7
635 817 8 7 3
636 417 9 6
637 69 2 8 4
638 332 6 6 9
639 993 7 9 6 3
640 141 7 9 8 9 3 1
641 607 9 4 8 5 4
642 178 2 7 9 10
643 535 2 4 8 5
644 110 5 1 5 7 6
645 626 1 9 1 9 10
646 406 9 1 3 4
647 239 5 5 2 3 4
648 895 5 7 8 9 1 7
649 874 5 6 6 8
650 460 8 4
651 145 10 8 4 7
652 302 3 8 5
653 220 8 2
654 901 7 6 4 5 2
655 863 1 6 1 10
656 431 8 1 8 8 6 9
657 446 1 2
658 2 5 4 3 10 7 7
659 372 2 4 4
660 912 8 8 2 7 5
661 519 4 6
662 14 3 4 7 7
663 907 3 3 7
664 611 7 5 10
665 152 8 4 1 8 7 2
666 827 8 9 8
667 559 6 8
668 482 4 2 3 1
669 602 5 5 7 8 4 7
670 25 8 6 2
671 800 5 9 7 5 4
672 482 3 2
673 372 3 2
674 53 3 2 5 9 8 1
675 142 10 3 1
676 108 10 4 5 4 1
677 963 8 1 6 10
678 647 8 4
679 73 9 2
680 240 6 5
681 981 3 10 5 1
682 380 1 9 5 4 8
683 652 5 8 2 8
684 464 7 6
685 951 3 8 4 1 3 5
686 745 5 7 3
687 262 10 3 4 9 5
688 700 2 8 6
689 125 1 5 7
690 275 8 9
691 58 9 2 2 3 2 1
692 295 9 9 8 5 4
693 249 3 6
694 686 3 7 2 9
695 116 9 3 10 2
696 63 5 5 9
697 132 2 10 6 10 4
698 234 6 3 10 7 9
699 113 7 3 2
700 887 10 2 7 9
701 44 10 4 8 4 2
702 977 4 6 2
703 601 7 10
704 15 7 2 9 8
705 615 5 4
706 902 5 9 9 3 3 8
707 690 6 5
708 65 3 1 9 6
709 530 8 9 3 6 3 5
710 737 1 3
711 30 8 10
712 887 5 10 10
713 564 9 2 7 6
714 640 10 8
715 556 4 5 5 8 1 2
716 911 8 9 1 5 3 7
717 40 9 7
718 281 5 3 7 2 8 10
719 649 2 8 8 4
720 479 5 1 9 3 3 5
721 389 7 9 3 3
722 751 3 3 5 2
723 282 9 1 7
724 108 1 7 3
725 990 7 5
726 907 4 7 7 10 6 5
727 557 4 1 9 3
728 789 7 2 1
729 763 8 8
730 514 9 2 3
731 960 5 7
732 504 1 5 5 3 10 5
733 299 9 1 7 10 2 3
734 927 3 9 5 6 6
735 170 2 8
736 953 6 10 9 10
737 142 7 3 4
738 874 7 4 1
739 586 2 10
740 864 5 10 4 2
741 262 8 8 9 7 5 2
742 922 2 7 9 9 10 4
743 419 9 7 9 5
744 773 6 2
745 179 4 4
746 345 9 3 10
747 484 1 8 2 4
748 855 7 9 2 7 6
749 586 10 4 4 8 3
750 113 7 5
751 624 7 6 7 1
752 497 2 7 5 9 4
753 380 9 8 9 9 2 3
754 671 9 5 1 3 7
755 935 8 7 7 9
756 376 1 7 1 7
757 795 8 5 6 7
758 758 9 3 7
759 790 9 3 9 3 9
760 757 7 5 3
761 697 2 1 7 8
762 121 5 8 5 3 9 6
763 9 4 2 8 1
764 278 4 9 9 8
765 940 2 6
766 800 7 4
767 644 5 3 1 7 9 6
768 61 10 4 3 3
769 893 7 2 7 8 2 4
770 31 9 3 9
771 232 2 2 7 9 2
772 540 4 8 5 2
773 106 4 7 10 1 6 4
774 873 1 9 1 6 3 8
775 872 6 7 10 8
776 32 6 2 3
777 671 1 8 10 6 5 4
778 764 3 10 10
779 450 5 10
780 209 5 5
781 45 8 4 3 6 2
782 272 4 9 8 1 3
783 370 6 4 4 5
784 252 10 5 8 8
785 920 1 3 6 6
786 811 2 7 2 7
787 108 4 5 9
788 875 8 8 10 9 5
789 204 3 8
790 138 6 1
791 486 7 1 4 5 3 3
792 451 8 2 6 2 3 2
793 653 9 8 10
794 765 9 1 2 1 10 5
795 953 1 8 3 6 1
796 419 4 3 8 5 7
797 759 1 3 2
798 823 7 7
799 972 8 4 7 8
800 477 7 5 9 4 10 9
801 316 7 5 5 5
802 510 6 1
803 425 7 10
804 731 2 4 6 7 4
805 393 2 5 6 4 7 7
806 194 5 3 7
807 567 5 7 9 9
808 839 5 2 9
809 790 1 6 4 8 7 8
810 11 6 1 10 4 10 4
811 687 5 1
812 191 7 2 5 4
813 815 1 4 8 1 9
814 698 8 6 8
815 582 9 5 9
816 337 6 4 10 2
817 409 7 6 10 5 4 10
818 772 3 1 5 6 8 5
819 206 8 3 6 2 8
820 500 7 2 1 7
821 711 9 4 6 1 2 9
822 818 4 5 7 5 10 6
823 988 6 3 5
824 422 10 2 5 7
825 778 4 2 5 5
826 263 8 6 4 10 2
827 705 10 9
828 247 5 4 1 7
829 348 10 2 2 4
830 174 2 5 9 1 7 2
831 560 3 3 1 9 1
832 972 2 9 1 6
833 926 1 3 8 7 9 7
834 647 8 7 5 1
835 568 10 5 10 5 4 3
836 912 5 6 8
837 769 9 8
838 320 9 3 1 10 3
839 537 7 4 10 8
840 980 1 7 6 5 8 9
841 418 4 2
842 208 10 9 2
843 403 6 3
844 383 1 9 8 4
845 374 5 1 7
846 574 9 8
847 779 6 7 5 3
848 413 6 4 6 5 3 1
849 780 8 7 1 5 3
850 275 2 2
851 225 4 5 7 2 7
852 6 5 7 6
853 270 8 9 1 6 9
854 839 6 10 6 8 3
855 858 5 4 9 3 4
856 85 3 6 2
857 284 4 8 7 10 9 7
858 174 2 2 9 9 1 5
859 254 7 1 3 9 6
860 906 6 4
861 164 8 9 9 5 2
862 252 7 7
863 885 7 9 5 3 1
864 405 3 4
865 76 10 5 7 8 4 6
866 272 5 5
867 765 6 3 3 4 5 6
868 402 2 1
869 878 9 7 10 7 9
870 356 3 10 6 9 1 7
871 690 10 1 10 10 6 2
872 597 9 2
873 337 5 1 6 7 5
874 803 3 9 10 7 2 4
875 861 2 10
876 559 9 10 2 3 3 5
877 430 8 4 7 9
878 947 8 1 2 4 9 7
879 851 5 1 2 10 1
880 232 3 6 4 9
881 491 5 10
882 60 2 9 6 5
883 540 1 3 10 6 9 7
884 457 6 10 1 5 6
885 167 5 2 2 6
886 200 6 9 4
887 243 10 8 6 2 6 10
888 474 6 5 9 4
889 113 10 8 1
890 200 6 2 1
891 475 5 6 7 10
892 426 9 3 8 9 5
893 986 10 8 2
894 818 8 3 10 3
895 931 10 5 9 9 4
896 635 5 5 2
897 691 8 1 10 10 8
898 238 10 7 1 10
899 323 1 8 7 7
900 465 9 5
901 406 7 5 2 4
902 730 4 6 10
903 316 1 10 10
904 456 8 4 2 6
905 47 3 3 1 3 8
906 845 1 1 10 5 2
907 789 10 9 6 4
908 360 5 5 9 2 7
909 517 3 10 4 2
910 969 4 1
911 11 8 9 6 8
912 152 3 9 10 6 10 1
913 38 9 5
914 959 6 5 2 7
915 54 10 1 6 10 8
916 254 2 1 3 7 6
917 188 7 6
918 548 4 8 2 7 6
919 198 7 10
920 805 9 10
921 735 8 1
922 983 8 5 10 8 10 3
923 371 2 10 2 10 4
924 619 6 2 4
925 561 6 9 10
926 357 10 3 1 8
927 252 8 7 10 10 9 8
928 813 3 4
929 472 6 1 5 5 1
930 545 6 7 1
931 807 7 8
932 661 7 6 6 2 4 5
933 509 6 2
934 479 6 1 2 9 4 8
935 307 2 3 7 4
936 585 9 10 2
937 422 9 2 4 10 8 7
938 827 3 2 4 1 3
939 833 8 2 4 9
940 710 1 10 7 5 2
941 13 8 9 8 10
942 432 10 9 8 3
943 210 2 7 5 4 6 3
944 233 9 9 5 9
945 615 6 1 2 10 10
946 957 6 1
947 555 8 5 10 8 2
948 590 5 5 4 9
949 916 7 10 8 3 9 7
950 991 1 5 8 4 6 1
951 161 10 7 2 10 10
952 910 4 8 8 9 7 8
953 226 4 10 5 2 10 3
954 504 7 3 9
955 846 9 7
956 84 2 4 3 1 5
957 228 8 8 9 10
958 57 7 9 10 3 9 3
959 519 5 4 6 9 7
960 268 9 4 8 10 1
961 815 5 7 7 6 8 8
962 212 7 7 1
963 933 7 8 1 5 10 4
964 792 7 4 9 6 3 4
965 416 5 5 9 1 9 5
966 894 10 10 6 10 6
967 996 7 3 9 7
968 605 5 4 6 9 8 10
969 781 4 2 10
970 115 9 2 1 7 8
971 340 7 8 10 10 5
972 913 2 9 5 5 9 5
973 89 10 6
974 477 3 9 10 10
975 927 8 3 10
976 309 3 5 10 1 8
977 796 1 4 6 7 6
978 893 2 5
979 187 6 7 6 2
980 779 5 6
981 1 6 5 7 10 5 8
982 633 7 9 2
983 361 2 6 8 7 3 7
984 238 1 3 9 3 1
985 82 3 9 5
986 419 3 10
987 997 1 7 3 8 6 2
988 878 7 2 9 5 7
989 701 6 1 8 1
990 344 7 7 6
991 741 7 6 10 6 9 6
992 39 3 9
993 367 10 6 7
994 883 6 4 9 7 8
995 739 4 5 5 10 7 3
996 926 9 6 10 9
997 162 2 4 9 2
998 527 10 8 4
999 75 5 1 10 9
1000 805 7 9 3
