1 171 8 5 3 10
2 693 5 3 2 2 7
3 548 2 10 9 10 3
4 661 1 4 4 5
5 25 1 5 9 6
6 355 5 5
7 545 8 10 7
8 128 5 3 10 2 10 3
9 584 10 8 7 6 8
10 407 7 6 7
11 234 4 4 9 5 5
12 544 2 4 9 8 7 3
13 203 7 6 4
14 527 8 8
15 255 9 5 7
16 662 7 2 2 6 5 5
17 599 1 8
18 355 4 2 9 5 5 3
19 418 10 7 8 4 6
20 67 4 1 8 10
21 683 4 10
22 242 7 4 2 7
23 322 7 8 4 6 1 6
24 342 10 8 9
25 448 8 5 4 5 6 3
26 321 6 7
27 392 10 1 7 4
28 219 8 9 7 2 6 5
29 272 8 8 8 6 10
30 687 6 3 8 6
31 60 6 10 5 4 6
32 384 5 1
33 480 6 3 8
34 314 7 8 7 9 6 8
35 180 9 6 5 4
36 153 7 2 5
37 582 7 5 7 5 8 1
38 239 3 6 3 5 7
39 396 9 6 9 2
40 521 5 2
41 43 10 5
42 186 8 2 4 2 8 6
43 245 5 5 5 10 8 2
44 544 4 5 3 5 5 5
45 191 5 1 9 7 5 2
46 169 7 8 9 7 4
47 255 3 2 7
48 23 8 1 2 4 10
49 584 8 9 10 7 7 10
50 495 2 4 7 3 2
51 117 6 6
52 14 2 8
53 595 7 7 4
54 300 4 2 10
55 270 2 3 9 8 7 8
56 81 8 3
57 513 6 8
58 498 1 10 10 7 6 3
59 609 4 9
60 413 9 2 2 5
61 235 8 2 1 5 10 9
62 415 3 3 8 6 2
63 673 8 3 8 5 7
64 210 4 7
65 451 4 9
66 143 7 1 3 10 6 3
67 58 5 7
68 328 1 1 9 7 2 2
69 130 9 8 5 5 6
70 378 7 1 5 2 10 10
71 626 4 8 3 2 1
72 474 10 4
73 200 3 4 3 5 3
74 566 5 7 7
75 628 1 8 5
76 286 1 4 6 7 9 9
77 694 7 2 8 7 4 2
78 321 2 1
79 485 8 2 5 7 9 6
80 307 9 8
81 109 2 1 8 8 5 5
82 252 5 4
83 636 9 4 2
84 628 4 3 3 3 4
85 592 3 5 5
86 519 8 6 7 10
87 73 4 8 10 2 6
88 264 5 8 5 2 8 1
89 148 7 7 2
90 23 5 1 9 8 7
91 592 4 7 10 1 10 3
92 457 9 7 6 10 5
93 23 8 7 5 7 3 3
94 533 7 6
95 29 5 1 1 10 6
96 552 8 8
97 412 9 6 4 6 8 1
98 395 6 5 2 10 9
99 406 9 6
100 556 8 10 5 4 10 9
101 218 9 9 3
102 310 10 4 9
103 395 4 3 3 8 3
104 377 10 3 2 1
105 96 1 6 6 8 10 3
106 143 10 4 4 10 2 5
107 353 6 6 1 2 9
108 559 5 2
109 376 4 6 7 5 2 7
110 403 2 9 2 6
111 578 6 4 7 3 8 10
112 607 1 1 7 3
113 663 6 1
114 621 9 4 10
115 182 4 9 3 1
116 114 1 8 5 8 3 2
117 425 4 6 9 4
118 36 3 3 7 5 10
119 430 4 9 5 4
120 326 2 5 3 7
121 304 4 7
122 236 9 4 9 3
123 55 3 10
124 425 3 8
125 324 8 6 4 7
126 620 5 2 6 7 2 4
127 6 1 10
128 227 1 5 8 4
129 477 3 4 4 3 1 2
130 53 9 3
131 699 10 10 2 5 6 4
132 261 4 1 6 3 7 6
133 134 7 8
134 184 1 8 4 6 1
135 613 10 2 2 1
136 694 8 6 9 9 8
137 213 3 3
138 150 9 4 2 1
139 351 7 2 4 5 9 4
140 33 10 7 3 10 7
141 213 6 6 7 8
142 279 9 8 4
143 447 6 8 10 9
144 184 9 6 5 1 9 9
145 672 3 9 1
146 668 8 8 9 10 7 3
147 197 5 5
148 669 3 4
149 114 9 8
150 110 1 3 1 9 10
151 546 6 5 5 10
152 581 4 5 10
153 630 5 9 8
154 611 10 10 10
155 34 3 8 8 10 2 3
156 39 3 4
157 592 6 3 6 9 4 10
158 291 10 8 10 9 3 6
159 646 4 3 1 3
160 636 1 8 1 10 10
161 376 7 7 4 6
162 455 9 4
163 689 7 6 8
164 362 3 5 8 3 4 1
165 355 10 8 8 9 10 9
166 2 1 10 7 4 6 10
167 111 5 8 6 6
168 119 4 7
169 474 7 6 7 2 8
170 199 9 1 4
171 309 6 5
172 136 2 8 8
173 172 5 6 9
174 533 4 7
175 134 9 4 2 6 3 1
176 456 10 4 3 5 3 2
177 595 9 3 6 5 4
178 51 5 2 3 2
179 660 4 5 8 5 7
180 371 3 2 8
181 155 1 7 5
182 515 10 8 7
183 327 5 1 2 3 4
184 14 9 3 9
185 413 9 5
186 449 4 7 10 4 8 9
187 195 5 3 9
188 381 2 10 4
189 552 5 5 3 3
190 107 8 3
191 76 7 1 4 8 1
192 490 5 4 1 4 6 1
193 581 4 2
194 643 10 5 9 3 2
195 565 4 1 10
196 408 10 9
197 597 5 1 8
198 662 1 5 7 9 2 4
199 327 4 7 1 9 4 3
200 134 9 5 3 8 5
201 640 2 5 3
202 437 6 2 1
203 224 7 2 2 1
204 82 2 7 6 10 2
205 559 1 4 8 7 3 4
206 312 5 9
207 1 8 3 8 9 4 8
208 600 1 6 9 6 4 4
209 211 3 8 1 10 8 1
210 623 8 4 6
211 561 9 6 7 4 9
212 182 10 3 1 8
213 518 4 1 1 2 10
214 659 9 10 8 2 10 3
215 275 3 2 2 2 5 9
216 628 1 4 3 9 9 4
217 44 2 3 6 5
218 187 5 4 2 9 3
219 694 1 2 3 10 7 3
220 599 3 1 4 1 6
221 687 8 8
222 409 3 10 6 5
223 37 6 10
224 570 9 5
225 223 8 2
226 332 8 10
227 534 4 6 4 3
228 257 1 9 5 7 4
229 307 3 9
230 266 10 7 1 1 2
231 640 1 3 4 5 4 10
232 298 3 7 6 10 1 9
233 600 5 4 7 7 1 7
234 407 5 1 1 7 10 3
235 153 5 5 5 1 4 1
236 673 10 4 4 7
237 289 3 6
238 383 5 1 1 3
239 379 2 4 3 9 8
240 582 5 1
241 248 7 2 7
242 348 1 5 5 3
243 484 10 5 1 6
244 309 2 4
245 46 3 8 8
246 146 7 5 5 4 4 9
247 507 4 9
248 467 4 7 1
249 177 9 1 1
250 399 2 1 6 1 6
251 620 1 1
252 608 5 8 7
253 306 5 6 3 10 3
254 181 4 9 2 5 6 2
255 284 3 9
256 199 9 7
257 677 6 5 1
258 475 4 6
259 314 2 8 3 6 6 3
260 323 5 7 5 10 1
261 444 8 1
262 169 1 5 7 3 6 7
263 695 1 2 1
264 355 3 5 6 4
265 185 10 6 2
266 545 3 10 4 6 10
267 629 6 7 6 4 2
268 565 10 7 8
269 151 5 2 6 7
270 117 5 2 2
271 408 10 2 5 3 6 9
272 375 9 10 8 9 10
273 387 10 3 1 10 2
274 311 10 4
275 49 10 4 7
276 626 1 4
277 116 8 1 10 10 2
278 691 5 7 5
279 103 8 5 5 5 10
280 581 3 5 6 8 9 2
281 88 1 1
282 487 9 4 4 1
283 593 1 3
284 501 10 10
285 86 3 6 4 3
286 239 1 9 8
287 38 8 7 1
288 195 10 9
289 196 9 7 8 4 3
290 37 3 1
291 573 10 5 2 7 5
292 480 7 8 10 8
293 320 5 10 5
294 91 5 5 10 9 8
295 539 7 6 10
296 316 7 10
297 281 9 7 3 7
298 358 7 8 6 8 6 9
299 184 5 7 9 1 7
300 117 1 3 5
301 243 9 4 3 8
302 164 8 6 4
303 543 9 6 5 2 1 2
304 167 3 4 1 7
305 487 9 7 9 7 9 10
306 187 8 3 6 1 3
307 275 1 5 6
308 440 6 5
309 176 3 5
310 582 9 8 10 4
311 641 5 9
312 241 5 10 1
313 393 4 10 8
314 422 7 6
315 542 5 8 1 3 1
316 433 9 6
317 686 10 6 2 2 4
318 23 6 6 8 5 5
319 184 9 4 9 5
320 55 7 8 1 10 9 10
321 195 7 8 10 5 3 1
322 380 8 1 2 7
323 279 1 8 9 8 1 9
324 335 2 7 7 6
325 72 8 3 4
326 108 3 1 1
327 406 1 1
328 466 1 8 8 4
329 204 3 3 4 7 6
330 175 10 4
331 134 5 5 1 5 9 2
332 477 5 9 10
333 393 2 5 1 2 8
334 179 2 3 4
335 614 8 4
336 389 9 7 2 8 1
337 583 6 5 10
338 412 10 9 5 3 8
339 231 4 6
340 156 2 7 3 2
341 685 10 8 4 6 1 1
342 540 1 2 5
343 601 7 4 8
344 389 7 10 10 7
345 429 2 10 3
346 528 6 8 5 4 5
347 485 4 9 6 5 6 4
348 500 8 8 3 2 5 7
349 445 5 3
350 387 8 4
351 77 10 6 4 10 2
352 152 6 3 1 1 9 6
353 338 1 1
354 43 8 6 2 8 4 2
355 82 8 10 7 6
356 321 4 4 3 9 1
357 491 8 2
358 394 8 6 5 6 5
359 175 8 4 5 6 5 7
360 201 7 4 1 2 6 6
361 355 6 5 9 4 7 2
362 522 10 1 5 1 5 5
363 439 8 6 1 1
364 651 4 7 5 7 10 9
365 617 4 5 1 10
366 184 9 7 8 5
367 423 10 10 1 6 5
368 554 3 2 6 1 6 7
369 393 7 2 9 5 4
370 252 3 7
371 143 4 2 6 7 5 3
372 695 9 10 6
373 516 9 9 9 8 5
374 528 9 6 2 1 5 2
375 479 3 9 7 8
376 347 4 8 9 2 2 6
377 37 7 8
378 550 10 1
379 58 9 7 2 4 4 2
380 664 1 2 7 6 6 2
381 420 7 3 6
382 90 10 3
383 393 4 4 3 8
384 460 6 6 4 1 5 10
385 57 9 10 1 2 4 5
386 189 4 6 9 7 2 3
387 206 6 8
388 378 8 1 9 8 10
389 453 7 4 8 8 6
390 245 6 8
391 93 9 3 2 4 6 3
392 645 1 10 10 3 6
393 689 5 10 8 3 5
394 231 3 3 5 4 5 10
395 648 5 10
396 228 5 10 7 8 2 9
397 415 9 10 1 5 4 4
398 206 10 10 4 7 2
399 351 5 8
400 343 2 10
401 330 2 8 8 7 7 2
402 152 9 2
403 457 5 1
404 8 2 9 8 8 4
405 369 6 10 5
406 520 7 8 1 3
407 78 9 8 10 10
408 13 4 6
409 596 4 7 8 7 3
410 661 3 7 6 4
411 360 6 9
412 75 10 1 3 1 3
413 235 4 10
414 101 4 6 9
415 104 9 3
416 92 10 1 7 2 3 4
417 533 10 5 10
418 421 6 9 7 8
419 513 8 7 10
420 13 3 6 6
421 267 4 1
422 309 9 8 9
423 567 2 10 9 3 2
424 275 7 9
425 392 7 1
426 32 8 10 7 6 8
427 561 9 2 2 7
428 111 7 6
429 579 5 5 8 6
430 106 6 9 6 5 2 5
431 115 10 4 8 10 9
432 527 4 8
433 338 5 4 2 9 8
434 27 7 2
435 364 5 6 1
436 573 3 7 8 1
437 64 4 7
438 293 4 8
439 296 5 8 1 7 2
440 238 3 3 7 7
441 642 5 10 5 5 6 10
442 52 6 9 1 3 8
443 679 7 7 10 3 8
444 68 1 3 1 8
445 399 6 7 2
446 534 7 8 2 8
447 433 4 1
448 341 5 7 6 8 5
449 91 9 6 1 9 10
450 20 4 6 7
451 127 4 7 1
452 477 6 9 1 1
453 307 1 4 1 9 2
454 639 4 4 1 8
455 606 3 6 2
456 682 6 7 10 2 6
457 206 10 5 8 7
458 373 5 1 4 8 5
459 469 1 7 9 10 8 5
460 448 5 6 8
461 619 2 3
462 398 4 6 5 5 2
463 397 1 4
464 487 6 9 2 1 1 9
465 187 2 4 5 10
466 542 5 6 3 5 1 2
467 593 10 5
468 208 1 9 10
469 561 4 2 8 6
470 96 2 2 5 6 7
471 618 9 9 4
472 321 4 10 10
473 697 5 6 7
474 129 1 4 1
475 457 7 7 10
476 19 2 3 9
477 193 10 10 7 1 1
478 640 10 7 10 5 10 5
479 498 10 8 6
480 308 5 4
481 513 8 1 2
482 261 9 4
483 318 8 4 4 1
484 110 9 2 5 4 8 2
485 213 4 1
486 13 8 9 3
487 58 8 2
488 435 10 5 7 9 1
489 50 7 5 2 4 8
490 241 4 1 6 9 6 5
491 306 3 3
492 166 6 1
493 261 7 5
494 37 8 1 2 5 3
495 640 7 6 5 4 2
496 251 6 10
497 370 3 1 7 3 9 1
498 459 10 4 10 1 9
499 295 6 5 5 9 6
500 420 9 9 8 5 6 8
501 247 10 4 9
502 1 5 7 6 7 4 1
503 250 8 1 3
504 92 7 9 3 10 9 4
505 224 6 5 7
506 328 3 8 9 1
507 451 4 9 2
508 603 3 2 6
509 222 5 2 10 3
510 193 4 1 10 1 10
511 521 4 3
512 520 10 2 4 1
513 438 2 8 8 10 4
514 254 7 3 5 10 1 9
515 1 10 3 4 1 5 6
516 22 10 8 2 3 10
517 674 10 3 7
518 68 5 6 6 8 5
519 216 4 9 10 3 2
520 460 5 10 7 3 9 8
521 481 9 9 2
522 291 4 10 9 2
523 564 3 7 5 4 9
524 438 1 6
525 456 6 9 4
526 602 8 4 7
527 586 10 1 10
528 229 5 8 10 10 1 1
529 181 9 10 1 9
530 581 4 1 7 5 9 6
531 402 1 10
532 109 9 5 1 1 5 7
533 261 4 4 5 10 1 7
534 218 8 3 6 10
535 461 10 7 4 7 1 1
536 496 5 6
537 427 4 9 9 2 10 8
538 625 7 4
539 179 4 2 7
540 408 10 10 4 3 6 6
541 527 8 4 2
542 205 6 3
543 261 9 3 6 8 3 8
544 390 5 2 7 5 5 5
545 213 7 3 4 7
546 672 7 3 8
547 210 6 1
548 586 9 10 8 4 8 9
549 542 4 8 1
550 448 6 9 7 10
551 535 1 3 5 10
552 346 9 6 3
553 168 6 10 2
554 562 7 6 10 6 9 4
555 426 6 1 8 10
556 648 4 9 5 4 4 5
557 103 6 6 4
558 296 2 9 2
559 622 6 8
560 600 4 2 4 2
561 560 9 1 4 8 4
562 378 10 9 9 7
563 540 1 4 9
564 276 8 4
565 379 9 5 9 7 3
566 469 2 6
567 349 7 1 7 9
568 154 4 7
569 472 3 7 10 6 4
570 436 10 1
571 458 7 8 4 5
572 226 5 7 8
573 508 9 7
574 55 9 4
575 55 2 7 4
576 144 9 6 8 10 9 2
577 309 7 8 7 5 8 8
578 392 2 1 4 4 2 5
579 279 1 7
580 66 7 6 7
581 383 4 2
582 75 9 7
583 361 9 6 6 7 5 10
584 505 8 5 7 5 5
585 527 8 6 10 5
586 444 7 2 3 7 1
587 78 7 8 4 2 10 7
588 569 2 8 2 5 2
589 396 7 10
590 152 7 2 3 9 7
591 446 5 1
592 266 3 10 9
593 422 3 7 6
594 486 9 7
595 240 4 10 9
596 181 8 6 10 8 6 10
597 91 8 10
598 450 1 5
599 214 3 2 10 3 7
600 274 5 1 7 3 8
601 682 5 9
602 33 4 8
603 150 9 5 10
604 500 10 5
605 411 3 1 3
606 378 9 8 7 3 10 10
607 608 2 5 2 6 6 4
608 76 5 6
609 563 5 2 5 10
610 170 3 7
611 652 8 7
612 684 3 1 6
613 385 6 7
614 321 8 8 3
615 693 5 5 3 9
616 201 6 5 5 1
617 592 8 8 5 2 2 5
618 598 3 4 5
619 328 4 2 8 10
620 631 8 7 1 1 7
621 33 3 8
622 622 10 4 2 1 7
623 39 4 8 2
624 269 10 6
625 522 9 10 3 3
626 67 6 4 5
627 381 7 2 4 3 10
628 124 8 6
629 483 8 10 6 4 8 4
630 171 3 4 9 10 10
631 525 5 2 10 3 3 1
632 690 3 1 8 5 4 9
633 280 1 3 6 8
634 309 8 2 10 3 9 3
635 321 7 8 10 1
636 233 7 2 4
637 633 10 5 1
638 681 2 4 7 2 10
639 690 2 2 9 9 3
640 416 8 10
641 105 3 5 8 6 3 4
642 155 10 6 9 9 5
643 549 6 7 4 6 10
644 17 2 8 7 4 4 1
645 133 4 3
646 569 2 10 3 1
647 640 8 2 8 7 6 9
648 206 10 7
649 604 4 10 2 3 10 1
650 621 3 10 6 10 3
651 159 7 3 2 7 3 7
652 552 3 9 1 5
653 111 8 7 8
654 556 3 5 10 7 6
655 88 5 7 3 2 10 10
656 91 3 10 8 5 1 4
657 337 9 1
658 118 4 6 1 4 3 3
659 256 8 4 10 10
660 622 7 2 4 7 6 4
661 530 1 4 4 1
662 643 3 7 3 1
663 126 3 6 2
664 16 6 10 10 9
665 492 7 1 4 7 4
666 357 9 5 6 9
667 553 6 2
668 461 3 3 9
669 49 1 2 10
670 33 3 7
671 494 7 3
672 587 7 3
673 619 2 4 2 6 1 6
674 581 8 10 5 8 9
675 653 6 5 9 9 2 6
676 533 10 4 9 2 1
677 306 9 6 1 4 7
678 461 8 4
679 296 10 8 5 9 5
680 620 10 9 9 3
681 114 7 3 5 7 3 8
682 468 8 10 9 8 9 4
683 108 6 2
684 48 4 5
685 430 5 3 8 2
686 627 6 4 7 3 5
687 46 7 10 6
688 1 10 2 2
689 355 4 5 8 7
690 614 1 3 5 9 10 2
691 99 7 1 9
692 512 10 9 8 3 8 8
693 58 3 10 7 9 3
694 83 9 8
695 445 1 7 3 10 10 5
696 214 6 1
697 309 8 3
698 416 7 8 10 4 10
699 3 7 2 2 9 7 8
700 296 1 2 3 3 1